%YAML:1.0
---
cameraMatrix: !!opencv-matrix
   rows: 3
   cols: 3
   dt: d
   data: [ 3.4502056704090728e+02, 0., 3.3161130415403102e+02, 0.,
       3.4538647638168595e+02, 2.1895628259730822e+02, 0., 0., 1. ]
distCoeffs: !!opencv-matrix
   rows: 5
   cols: 1
   dt: d
   data: [ -3.7695364017926852e-01, 2.8119131239033096e-01,
       -1.4843028970411593e-03, 1.9766623094292792e-03,
       -1.0996297776365643e-01 ]
the overall RMS re-projection error: 4.1247640648019906e-01
the Mean pixel re-projection error: 6.9328139085419799e-310
