%YAML:1.0
---
cameraMatrixL: !!opencv-matrix
   rows: 3
   cols: 3
   dt: d
   data: [ 3.3548097548728225e+02, 0., 3.0880380954859390e+02, 0.,
       3.3571304528395137e+02, 1.9588899082471332e+02, 0., 0., 1. ]
cameraDistcoeffL: !!opencv-matrix
   rows: 5
   cols: 1
   dt: d
   data: [ -2.9576069353641093e-01, 1.2186026781155616e-01,
       2.7636574245406532e-03, -2.8245470505916508e-03,
       -2.9703005345256637e-02 ]
cameraMatrixR: !!opencv-matrix
   rows: 3
   cols: 3
   dt: d
   data: [ 3.3899776746853615e+02, 0., 3.2959837666022577e+02, 0.,
       3.3958511912214755e+02, 2.1761528787855150e+02, 0., 0., 1. ]
cameraDistcoeffR: !!opencv-matrix
   rows: 5
   cols: 1
   dt: d
   data: [ -3.5729735783294503e-01, 2.5239689415710043e-01,
       -3.4536554021988444e-04, 1.7566979857375207e-03,
       -9.6294056456803348e-02 ]
R: !!opencv-matrix
   rows: 3
   cols: 3
   dt: d
   data: [ 9.9957481537099857e-01, -9.5565980868872198e-04,
       2.9142326440491209e-02, 1.3899739616933956e-03,
       9.9988822240021746e-01, -1.4886593892458957e-02,
       -2.9124842461718321e-02, 1.4920771416493148e-02,
       9.9946441363958372e-01 ]
T: !!opencv-matrix
   rows: 3
   cols: 1
   dt: d
   data: [ -1.1959012992110127e+02, -5.1417417412000309e-02,
       4.2511744836712912e+00 ]
Rl: !!opencv-matrix
   rows: 3
   cols: 3
   dt: d
   data: [ 9.9997903391557641e-01, -1.0554957465612699e-03,
       -6.3888698530784639e-03, 1.0079087376890226e-03,
       9.9997176226471507e-01, -7.4470660784407882e-03,
       6.3965497924329384e-03, 7.4404705448758018e-03,
       9.9995186061571173e-01 ]
Rr: !!opencv-matrix
   rows: 3
   cols: 3
   dt: d
   data: [ 9.9936868036505089e-01, 4.2967556453622318e-04,
       -3.5525428700102016e-02, -1.6517746331545070e-04,
       9.9997225023658010e-01, 7.4479173730732590e-03,
       3.5527643065962088e-02, -7.4373473564002830e-03,
       9.9934101909332118e-01 ]
Pl: !!opencv-matrix
   rows: 3
   cols: 4
   dt: d
   data: [ 1.8975775363882573e+02, 0., 3.8059935379028320e+02, 0., 0.,
       1.8975775363882573e+02, 2.0876630306243896e+02, 0., 0., 0., 1.,
       0. ]
Pr: !!opencv-matrix
   rows: 3
   cols: 4
   dt: d
   data: [ 1.8975775363882573e+02, 0., 3.8059935379028320e+02,
       -2.2707490095561239e+04, 0., 1.8975775363882573e+02,
       2.0876630306243896e+02, 0., 0., 0., 1., 0. ]
Q: !!opencv-matrix
   rows: 4
   cols: 4
   dt: d
   data: [ 1., 0., 0., -3.8059935379028320e+02, 0., 1., 0.,
       -2.0876630306243896e+02, 0., 0., 0., 1.8975775363882573e+02, 0.,
       0., 8.3566150569815180e-03, 0. ]
